{
 "cells": [
  {
   "cell_type": "code",
   "execution_count": 3,
   "metadata": {},
   "outputs": [],
   "source": [
    "from geopy.distance import geodesic\n",
    "import numpy as np"
   ]
  },
  {
   "cell_type": "code",
   "execution_count": 17,
   "metadata": {},
   "outputs": [
    {
     "data": {
      "text/plain": [
       "array([[ 24.98221 , 102.732   ],\n",
       "       [ 24.98604 , 102.746   ],\n",
       "       [ 24.988197, 102.749   ],\n",
       "       [ 25.0001  , 102.763   ],\n",
       "       [ 25.01036 , 102.769   ],\n",
       "       [ 25.01896 , 102.77    ],\n",
       "       [ 25.027222, 102.77    ],\n",
       "       [ 25.033055, 102.769   ],\n",
       "       [ 25.04446 , 102.764   ],\n",
       "       [ 25.05378 , 102.754   ],\n",
       "       [ 25.05965 , 102.744   ],\n",
       "       [ 25.06162 , 102.74    ],\n",
       "       [ 25.06275 , 102.729   ],\n",
       "       [ 25.06268 , 102.718   ],\n",
       "       [ 25.061944, 102.714   ],\n",
       "       [ 25.05773 , 102.704   ],\n",
       "       [ 25.05141 , 102.695   ],\n",
       "       [ 25.04281 , 102.687   ],\n",
       "       [ 25.038284, 102.685   ],\n",
       "       [ 25.03012 , 102.682   ],\n",
       "       [ 25.0252  , 102.681   ],\n",
       "       [ 25.01405 , 102.682   ],\n",
       "       [ 25.005124, 102.686   ],\n",
       "       [ 25.00074 , 102.689   ],\n",
       "       [ 24.98862 , 102.704   ],\n",
       "       [ 24.9864  , 102.707   ],\n",
       "       [ 24.98496 , 102.709   ],\n",
       "       [ 24.9832  , 102.714   ]])"
      ]
     },
     "execution_count": 17,
     "metadata": {},
     "output_type": "execute_result"
    }
   ],
   "source": [
    "# data=np.ndarray([])\n",
    "data=np.loadtxt('data_28.txt')\n",
    "data"
   ]
  },
  {
   "cell_type": "code",
   "execution_count": 18,
   "metadata": {},
   "outputs": [
    {
     "data": {
      "text/plain": [
       "array([[   0.        , 1475.78099428, 1840.02995219, 3704.33651071,\n",
       "        4865.77067769, 5593.5505445 , 6290.93639237, 6758.10038426,\n",
       "        7614.64941004, 8233.14646792, 8663.36087893, 8833.48254692,\n",
       "        8926.81206724, 9025.22479299, 9017.30653669, 8830.07396812,\n",
       "        8526.86792666, 8105.23054205, 7816.04640685, 7323.96210757,\n",
       "        7013.04946748, 6157.74761777, 5292.343496  , 4801.96394072,\n",
       "        2914.74573962, 2566.39178917, 2342.05581572, 1820.661657  ],\n",
       "       [1475.78099428,    0.        ,  385.78252354, 2317.58595674,\n",
       "        3556.51066547, 4378.09885741, 5165.25344364, 5702.04910497,\n",
       "        6721.57802347, 7547.09571726, 8156.51550068, 8394.11462545,\n",
       "        8668.91516663, 8947.67488081, 9007.11576512, 9001.95294444,\n",
       "        8884.48793551, 8660.98466192, 8450.14518122, 8098.08659642,\n",
       "        7865.7377848 , 7167.21894257, 6415.51903158, 5980.41799031,\n",
       "        4249.95861958, 3937.69443744, 3737.50675821, 3246.08531391],\n",
       "       [1840.02995219,  385.78252354,    0.        , 1932.90645678,\n",
       "        3178.63676222, 4013.27906772, 4814.69009239, 5363.50597701,\n",
       "        6413.6975767 , 7282.34630307, 7931.1520966 , 8183.87313374,\n",
       "        8501.59783288, 8824.05252334, 8900.25635387, 8941.80201398,\n",
       "        8873.52619183, 8704.15719358, 8515.66764804, 8204.04842382,\n",
       "        7994.93299993, 7344.90485219, 6630.66880891, 6214.58732356,\n",
       "        4543.42177362, 4245.00927869, 4054.32956126, 3576.75326601],\n",
       "       [3704.33651071, 2317.58595674, 1932.90645678,    0.        ,\n",
       "        1287.84467659, 2205.43606735, 3086.35550709, 3700.4234496 ,\n",
       "        4914.93641531, 6015.28950346, 6869.61705766, 7199.26920538,\n",
       "        7741.93914919, 8287.42831232, 8449.1266543 , 8729.9327844 ,\n",
       "        8911.14317876, 9012.53754306, 8937.17975251, 8826.35894195,\n",
       "        8731.57259557, 8321.23009153, 7792.88973964, 7470.617589  ,\n",
       "        6090.56498848, 5853.65605068, 5703.76901146, 5289.26407301],\n",
       "       [4865.77067769, 3556.51066547, 3178.63676222, 1287.84467659,\n",
       "           0.        ,  957.98123363, 1870.58227802, 2513.99798832,\n",
       "        3810.92889554, 5042.39472015, 6014.77729906, 6388.11717069,\n",
       "        7069.33529687, 7751.17061975, 7966.23092576, 8400.44200249,\n",
       "        8743.85547968, 9023.04517204, 9024.7934234 , 9049.91618512,\n",
       "        9033.16594481, 8791.29755587, 8398.38435741, 8145.64978522,\n",
       "        6989.73766016, 6798.47527604, 6678.71385947, 6315.12122696],\n",
       "       [5593.5505445 , 4378.09885741, 4013.27906772, 2205.43606735,\n",
       "         957.98123363,    0.        ,  915.20842666, 1564.608013  ,\n",
       "        2888.89796161, 4181.48257246, 5215.46581042, 5612.22851143,\n",
       "        6375.70251445, 7140.92731529, 7389.82742361, 7925.1758913 ,\n",
       "        8379.28323329, 8783.50746505, 8841.79664508, 8967.46280068,\n",
       "        9009.5066762 , 8899.05724975, 8616.38840722, 8421.72418743,\n",
       "        7462.18764466, 7311.27700359, 7218.31481771, 6902.86757727],\n",
       "       [6290.93639237, 5165.25344364, 4814.69009239, 3086.35550709,\n",
       "        1870.58227802,  915.20842666,    0.        ,  653.97550571,\n",
       "        2003.22167426, 3355.90095449, 4448.35456241, 4866.65071857,\n",
       "        5710.26346744, 6554.68266593, 6835.89859923, 7468.73356273,\n",
       "        8029.10619875, 8552.60499368, 8665.55750867, 8887.34488745,\n",
       "        8985.44298731, 9001.17226857, 8824.98407207, 8686.36133442,\n",
       "        7916.47896969, 7803.30428962, 7735.17931091, 7465.6391325 ],\n",
       "       [6758.10038426, 5702.04910497, 5363.50597701, 3700.4234496 ,\n",
       "        2513.99798832, 1564.608013  ,  653.97550571,    0.        ,\n",
       "        1360.41179623, 2749.90129051, 3878.6074804 , 4310.04119483,\n",
       "        5207.0257581 , 6103.7180672 , 6406.61370974, 7106.06177195,\n",
       "        7739.59959634, 8345.61769097, 8497.12335365, 8786.42815366,\n",
       "        8924.03368975, 9029.8236215 , 8930.6448548 , 8832.76981092,\n",
       "        8202.26416194, 8116.4737513 , 8066.32412395, 7830.86562941],\n",
       "       [7614.64941004, 6721.57802347, 6413.6975767 , 4914.93641531,\n",
       "        3810.92889554, 2888.89796161, 2003.22167426, 1360.41179623,\n",
       "           0.        , 1443.65917824, 2627.59360855, 3078.67781379,\n",
       "        4071.59892579, 5061.50118549, 5404.29542724, 6230.38903914,\n",
       "        7005.28424177, 7772.55867292, 8001.68465126, 8426.48600268,\n",
       "        8643.9256616 , 8935.25937968, 8997.96624828, 8986.52574804,\n",
       "        8656.71886807, 8629.37140113, 8617.50926   , 8456.99950794],\n",
       "       [8233.14646792, 7547.09571726, 7282.34630307, 6015.28950346,\n",
       "        5042.39472015, 4181.48257246, 3355.90095449, 2749.90129051,\n",
       "        1443.65917824,    0.        , 1200.4041336 , 1658.2480868 ,\n",
       "        2711.2053592 , 3763.90025177, 4136.18772446, 5064.16269291,\n",
       "        5959.30301199, 6869.34717045, 7171.42442527, 7724.18000973,\n",
       "        8018.45605133, 8495.2779485 , 8726.40468201, 8806.70955146,\n",
       "        8807.25910097, 8843.8780016 , 8873.92336519, 8799.28936977],\n",
       "       [8663.36087893, 8156.51550068, 7931.1520966 , 6869.61705766,\n",
       "        6014.77729906, 5215.46581042, 4448.35456241, 3878.6074804 ,\n",
       "        2627.59360855, 1200.4041336 ,    0.        ,  458.82068247,\n",
       "        1551.96850586, 2644.78592493, 3037.65838888, 4041.68328991,\n",
       "        5027.87695772, 6046.7052494 , 6406.88261463, 7060.15526675,\n",
       "        7415.04886738, 8041.50667819, 8411.0770744 , 8567.18493742,\n",
       "        8843.53098393, 8932.26834798, 8996.25911961, 8993.66587911],\n",
       "       [8833.48254692, 8394.11462545, 8183.87313374, 7199.26920538,\n",
       "        6388.11717069, 5612.22851143, 4866.65071857, 4310.04119483,\n",
       "        3078.67781379, 1658.2480868 ,  458.82068247,    0.        ,\n",
       "        1116.92776488, 2222.88692969, 2623.63383531, 3657.91567322,\n",
       "        4679.41018864, 5739.65933041, 6122.48993406, 6814.13735509,\n",
       "        7192.06552034, 7875.8365893 , 8298.57762797, 8483.69815944,\n",
       "        8865.25234031, 8973.39818362, 9049.95788577, 9074.56218633],\n",
       "       [8926.81206724, 8668.91516663, 8501.59783288, 7741.93914919,\n",
       "        7069.33529687, 6375.70251445, 5710.26346744, 5207.0257581 ,\n",
       "        4071.59892579, 2711.2053592 , 1551.96850586, 1116.92776488,\n",
       "           0.        , 1109.91374793, 1516.11755905, 2583.08706529,\n",
       "        3653.46183988, 4779.15574258, 5201.78759259, 5963.19733442,\n",
       "        6384.74601319, 7183.32629508, 7718.85996741, 7967.49758727,\n",
       "        8590.54232543, 8744.16304521, 8850.33057059, 8941.12014269],\n",
       "       [9025.22479299, 8947.67488081, 8824.05252334, 8287.42831232,\n",
       "        7751.17061975, 7140.92731529, 6554.68266593, 6103.7180672 ,\n",
       "        5061.50118549, 3763.90025177, 2644.78592493, 2222.88692969,\n",
       "        1109.91374793,    0.        ,  411.74892148, 1515.30133548,\n",
       "        2635.25467351, 3824.89582362, 4288.58769096, 5119.22094155,\n",
       "        5583.79970613, 6497.54255762, 7146.95611004, 7459.46541713,\n",
       "        8324.66483273, 8522.40897296, 8657.0854572 , 8813.50784612],\n",
       "       [9017.30653669, 9007.11576512, 8900.25635387, 8449.1266543 ,\n",
       "        7966.23092576, 7389.82742361, 6835.89859923, 6406.61370974,\n",
       "        5404.29542724, 4136.18772446, 3037.65838888, 2623.63383531,\n",
       "        1516.11755905,  411.74892148,    0.        , 1111.75851032,\n",
       "        2244.36575757, 3451.86055363, 3928.45324413, 4780.70770244,\n",
       "        5259.00355929, 6210.97222199, 6899.390365  , 7234.04478245,\n",
       "        8184.8067123 , 8398.02574867, 8542.68588852, 8722.72662687],\n",
       "       [8830.07396812, 9001.95294444, 8941.80201398, 8729.9327844 ,\n",
       "        8400.44200249, 7925.1758913 , 7468.73356273, 7106.06177195,\n",
       "        6230.38903914, 5064.16269291, 4041.68328991, 3657.91567322,\n",
       "        2583.08706529, 1515.30133548, 1111.75851032,    0.        ,\n",
       "        1146.67367234, 2382.08645314, 2883.78623155, 3779.29332857,\n",
       "        4286.29385874, 5323.66638459, 6103.94173829, 6491.9551518 ,\n",
       "        7655.53802112, 7907.25309915, 8076.74803354, 8317.39544818],\n",
       "       [8526.86792666, 8884.48793551, 8873.52619183, 8911.14317876,\n",
       "        8743.85547968, 8379.28323329, 8029.10619875, 7739.59959634,\n",
       "        7005.28424177, 5959.30301199, 5027.87695772, 4679.41018864,\n",
       "        3653.46183988, 2635.25467351, 2244.36575757, 1146.67367234,\n",
       "           0.        , 1248.70679712, 1769.88912509, 2698.70829841,\n",
       "        3228.89329341, 4341.48348882, 5207.09256826, 5645.4548567 ,\n",
       "        7014.51759983, 7302.51198728, 7495.28729489, 7795.4185725 ],\n",
       "       [8105.23054205, 8660.98466192, 8704.15719358, 9012.53754306,\n",
       "        9023.04517204, 8783.50746505, 8552.60499368, 8345.61769097,\n",
       "        7772.55867292, 6869.34717045, 6046.7052494 , 5739.65933041,\n",
       "        4779.15574258, 3824.89582362, 3451.86055363, 2382.08645314,\n",
       "        1248.70679712,    0.        ,  540.46237594, 1493.5383153 ,\n",
       "        2042.54190805, 3225.55958971, 4175.82037477, 4664.59894405,\n",
       "        6243.23463908, 6566.71837329, 6782.08106494, 7143.50371701],\n",
       "       [7816.04640685, 8450.14518122, 8515.66764804, 8937.17975251,\n",
       "        9024.7934234 , 8841.79664508, 8665.55750867, 8497.12335365,\n",
       "        8001.68465126, 7171.42442527, 6406.88261463, 6122.48993406,\n",
       "        5201.78759259, 4288.58769096, 3928.45324413, 2883.78623155,\n",
       "        1769.88912509,  540.46237594,    0.        ,  953.6894892 ,\n",
       "        1504.53027355, 2701.50142885, 3674.62605884, 4178.41925583,\n",
       "        5826.13963391, 6161.44877766, 6384.34734413, 6767.66652259],\n",
       "       [7323.96210757, 8098.08659642, 8204.04842382, 8826.35894195,\n",
       "        9049.91618512, 8967.46280068, 8887.34488745, 8786.42815366,\n",
       "        8426.48600268, 7724.18000973, 7060.15526675, 6814.13735509,\n",
       "        5963.19733442, 5119.22094155, 4780.70770244, 3779.29332857,\n",
       "        2698.70829841, 1493.5383153 ,  953.6894892 ,    0.        ,\n",
       "         554.27105203, 1780.12556607, 2798.16650499, 3330.32921335,\n",
       "        5105.37038359, 5461.0514604 , 5696.78559104, 6119.48160976],\n",
       "       [7013.04946748, 7865.7377848 , 7994.93299993, 8731.57259557,\n",
       "        9033.16594481, 9009.5066762 , 8985.44298731, 8924.03368975,\n",
       "        8643.9256616 , 8018.45605133, 7415.04886738, 7192.06552034,\n",
       "        6384.74601319, 5583.79970613, 5259.00355929, 4286.29385874,\n",
       "        3228.89329341, 2042.54190805, 1504.53027355,  554.27105203,\n",
       "           0.        , 1239.23824057, 2280.42915907, 2827.28204872,\n",
       "        4670.08705341, 5035.98496838, 5278.10249695, 5722.11298862],\n",
       "       [6157.74761777, 7167.21894257, 7344.90485219, 8321.23009153,\n",
       "        8791.29755587, 8899.05724975, 9001.17226857, 9029.8236215 ,\n",
       "        8935.25937968, 8495.2779485 , 8041.50667819, 7875.8365893 ,\n",
       "        7183.32629508, 6497.54255762, 6210.97222199, 5323.66638459,\n",
       "        4341.48348882, 3225.55958971, 2701.50142885, 1780.12556607,\n",
       "        1239.23824057,    0.        , 1068.02428386, 1634.96697627,\n",
       "        3587.1345618 , 3968.68707323, 4220.54415067, 4702.549007  ],\n",
       "       [5292.343496  , 6415.51903158, 6630.66880891, 7792.88973964,\n",
       "        8398.38435741, 8616.38840722, 8824.98407207, 8930.6448548 ,\n",
       "        8997.96624828, 8726.40468201, 8411.0770744 , 8298.57762797,\n",
       "        7718.85996741, 7146.95611004, 6899.390365  , 6103.94173829,\n",
       "        5207.09256826, 4175.82037477, 3674.62605884, 2798.16650499,\n",
       "        2280.42915907, 1068.02428386,    0.        ,  572.31896403,\n",
       "        2577.65827979, 2965.87895194, 3221.87852802, 3726.72125402],\n",
       "       [4801.96394072, 5980.41799031, 6214.58732356, 7470.617589  ,\n",
       "        8145.64978522, 8421.72418743, 8686.36133442, 8832.76981092,\n",
       "        8986.52574804, 8806.70955146, 8567.18493742, 8483.69815944,\n",
       "        7967.49758727, 7459.46541713, 7234.04478245, 6491.9551518 ,\n",
       "        5645.4548567 , 4664.59894405, 4178.41925583, 3330.32921335,\n",
       "        2827.28204872, 1634.96697627,  572.31896403,    0.        ,\n",
       "        2023.76856094, 2413.6023703 , 2670.64124118, 3185.156934  ],\n",
       "       [2914.74573962, 4249.95861958, 4543.42177362, 6090.56498848,\n",
       "        6989.73766016, 7462.18764466, 7916.47896969, 8202.26416194,\n",
       "        8656.71886807, 8807.25910097, 8843.53098393, 8865.25234031,\n",
       "        8590.54232543, 8324.66483273, 8184.8067123 , 7655.53802112,\n",
       "        7014.51759983, 6243.23463908, 5826.13963391, 5105.37038359,\n",
       "        4670.08705341, 3587.1345618 , 2577.65827979, 2023.76856094,\n",
       "           0.        ,  390.14254857,  647.4560881 , 1174.64466891],\n",
       "       [2566.39178917, 3937.69443744, 4245.00927869, 5853.65605068,\n",
       "        6798.47527604, 7311.27700359, 7803.30428962, 8116.4737513 ,\n",
       "        8629.37140113, 8843.8780016 , 8932.26834798, 8973.39818362,\n",
       "        8744.16304521, 8522.40897296, 8398.02574867, 7907.25309915,\n",
       "        7302.51198728, 6566.71837329, 6161.44877766, 5461.0514604 ,\n",
       "        5035.98496838, 3968.68707323, 2965.87895194, 2413.6023703 ,\n",
       "         390.14254857,    0.        ,  257.32744781,  790.65081819],\n",
       "       [2342.05581572, 3737.50675821, 4054.32956126, 5703.76901146,\n",
       "        6678.71385947, 7218.31481771, 7735.17931091, 8066.32412395,\n",
       "        8617.50926   , 8873.92336519, 8996.25911961, 9049.95788577,\n",
       "        8850.33057059, 8657.0854572 , 8542.68588852, 8076.74803354,\n",
       "        7495.28729489, 6782.08106494, 6384.34734413, 5696.78559104,\n",
       "        5278.10249695, 4220.54415067, 3221.87852802, 2670.64124118,\n",
       "         647.4560881 ,  257.32744781,    0.        ,  541.15432862],\n",
       "       [1820.661657  , 3246.08531391, 3576.75326601, 5289.26407301,\n",
       "        6315.12122696, 6902.86757727, 7465.6391325 , 7830.86562941,\n",
       "        8456.99950794, 8799.28936977, 8993.66587911, 9074.56218633,\n",
       "        8941.12014269, 8813.50784612, 8722.72662687, 8317.39544818,\n",
       "        7795.4185725 , 7143.50371701, 6767.66652259, 6119.48160976,\n",
       "        5722.11298862, 4702.549007  , 3726.72125402, 3185.156934  ,\n",
       "        1174.64466891,  790.65081819,  541.15432862,    0.        ]])"
      ]
     },
     "execution_count": 18,
     "metadata": {},
     "output_type": "execute_result"
    }
   ],
   "source": [
    "result=np.zeros((data.shape[0],data.shape[0]))\n",
    "for i in range(data.shape[0]):\n",
    "    for j in range(data.shape[0]):\n",
    "        if(i==j):\n",
    "            result[i][j]=0\n",
    "        else:\n",
    "            result[i][j]=geodesic(data[i], data[j]).m\n",
    "            \n",
    "            \n",
    "result"
   ]
  },
  {
   "cell_type": "code",
   "execution_count": 19,
   "metadata": {},
   "outputs": [],
   "source": [
    "np.savetxt('dist_matrix.txt',result,delimiter='\\t',fmt=\"%.16f\")"
   ]
  },
  {
   "cell_type": "code",
   "execution_count": null,
   "metadata": {},
   "outputs": [],
   "source": []
  }
 ],
 "metadata": {
  "kernelspec": {
   "display_name": "Python 3",
   "language": "python",
   "name": "python3"
  },
  "language_info": {
   "codemirror_mode": {
    "name": "ipython",
    "version": 3
   },
   "file_extension": ".py",
   "mimetype": "text/x-python",
   "name": "python",
   "nbconvert_exporter": "python",
   "pygments_lexer": "ipython3",
   "version": "3.7.3"
  }
 },
 "nbformat": 4,
 "nbformat_minor": 2
}
